2920,6300,600,.6,50,.8,3,334.4966,10,137,113,35.5,35.5,78,65.28,10,1,78,65.28,74,.4,.96,.96,.05
5,150,13,.9781476,.9566772,.9357715,5,22,220,10.35,6.463702,621.8811,401.9654,"1.32-8","","","1.72-8.4","","",1,0,0,10.35,0,0
12,8,4,32,48,.6666667,1.047198,1.05296,-2.050651E-07,-4.211834E-02,.7451506,.6666667,1.117726,2.366666,2.38761,2.587835,2.440389,0,0,0,1.19,1.19,.1,.4,4.78,120,80,0,1.59
0,0,0,0,0,0,0,0,568.8201,4.179,0,1.19761,1.397835,1.250389,5.28,5.28,6.72,6.72,20.46433,.158071,.9025751,1.936541,1.033025,1.80166,1.033025,1.80166,1.166595,1.055405,1,1.23123,1.917339,5778.643,780.8077,526.2388,7085.689,.5,.03,.7,0,.269834,147.8802,95.29907,0,0,0,0
3,2,0,.7,0,1.4,0,35,10,2.894454,0,.88,.85,.18,0,0,.5,.5,12.64,12,56.58235,.75,1.14,2.926917,4.939719E-02,.85,.88,.2
1.0611,1.630322,1.980099,1.724659,1.161401,1.46922,2.327147,1.582446,3.185073,7242.402,24.48454,132.229,24.01,11.41,12.8273,.44,12.58,4.641397,1.146454,6.515381,1.5451,4.781821,.7127284,1.481916E-02,12.6,28.83569,2.242188,18.62469,1.908783,2.716874,6.037168,1.253397,1.08,11.5
.605038,87,126.3206,4.5,11.18264,19.66028,.0245,.1486726,.1084126,.1315687,1.209942E-02,32.34039,.8346651,7.675807E-02,.2198919,4.675575E-02,1.616667,1.367234E-02,.45,0,0
1.121712,1.904574,1.723449,1.227743,1.672838,2.04716,.954132,1.057122,9296.468,8256.85,16697.35,26.96826,757.5358,271.2377,1092.377,6108.731,5.124338E-02,206.8896,142.078,59.40345,2.555427,40.90371,2.102411,.2605426,0,1.324993
2294.657,9.790858,"1.479","","","1.4","","",.7180204,.5,72.42402,166.9735,3.616493,23161.91,25,30,0,0,46.17,1.414058,1.031136,1.251379,74.67902,236.1102,100,1.539,0,0,1.251379
403.1882,999.3406,2685.119,1382.508,497.7843,1.7,1.7,.9495848,.85,36500,372.8299,777.1246,90.06636,123.9943,44162.87,41045.45,21087.93,7.599408,11330.93,155028.3,8.77986,.01
.7790488,1.796096,11.16037,2.596348E-03,.047793,2.261004,.378495,.047312,.1816674,1.608763,1.685521,.2821583,.1693492,.1685878,1.844226,.2354632,1.685521,.1939855,.1264409,5.200713,4.164349,.7338667,.3024969,2.973873
"50W470","50W470","50W470","扁线","","1.01-0.98/1.1-1.02,1.5","True","False","False","槽形4","转子槽形1","圆线","1.4-1.51,1.539","0.83-2.10/0.86-2.13,1.60","True","False","False","True","False"
1.25,"0.02096","0.02096","0.608285","0.561653","0.061611","88.288843","1975.188545","0.779049","1.808522","147","","0.036482","0.047793","0.012099","2.261004","0.017869","7.55653389688828","0.004401","0.004401","0.038244","0.038244","0.038244","124.845542","1.158002","0.052683","0.059656",#TRUE#,#FALSE#
