3160,6300,600,.6,50,.8,3,361.9894,10,137,113,35.5,35.5,90,72.96,14,1,90,72.96,84.4,.4,.96,.96,.05
5,150,13,.9781476,.9566772,.9357715,5,20,200,11.79,6.140618,611.8132,375.6911,"1.5-8","","","1.9-8.4","","",1,0,0,11.79,0,0
12,8,4,32,48,.6666667,1.047198,1.05296,-2.050651E-07,-4.211834E-02,.7451506,.6666667,1.117726,2.366666,2.38761,2.587835,2.440389,0,0,0,1.19,1.19,.1,.4,4.78,120,80,0,1.59
0,0,0,0,0,0,0,0,568.8201,4.179,0,1.19761,1.397835,1.250389,5.28,5.28,6.72,6.72,20.46433,.173878,.8704926,1.905963,1.033025,1.773212,1.033025,1.773212,1.166595,1.055405,1,1.23123,1.888465,5573.238,711.5106,452.3785,6737.127,.5,.03,.7,0,.2726788,134.7558,81.06867,0,0,0,0
3,2,0,.7,0,1.4,0,35,10,2.894454,0,.88,.85,.18,0,0,.5,.5,12.64,12,56.58235,.75,1.14,2.926917,5.433688E-02,.85,.88,.2
1.044345,1.604579,1.948832,1.697426,1.143063,1.44602,2.2904,1.557459,3.134779,6867.964,23.924,106.9134,24.01,11.41,12.8273,.44,12.58,4.641397,1.146454,6.515381,1.5451,4.781821,.7127284,1.630106E-02,12.6,22.9313,2.176299,14.59511,1.865085,2.590244,6.037168,1.233606,1.08,11.5
.605038,99,138.3206,4.5,11.18264,19.66028,.0245,.1299205,.0947385,.1149739,1.144235E-02,32.34039,.7506189,7.470255E-02,.1927962,4.675575E-02,1.616667,1.292985E-02,.45,0,0
1.102099,1.871274,1.693315,1.206277,1.64359,2.011367,.9186326,1.055302,9145.963,7814.55,16134.02,26.10673,682.8845,217.6351,1006.474,5881.45,5.014566E-02,190.6201,126.9417,47.93085,2.438191,32.30386,2.035247,.2628726,0,1.301827
2294.657,9.790858,"1.479","","","1.4","","",.7180204,.5,68.67964,161.3402,3.494481,25561.91,25,30,0,0,46.17,1.534087,1.118662,1.357599,76.82931,247.5099,100,1.539,0,0,1.357599
457.1948,1102.891,3062.487,1545.156,556.3472,1.7,1.7,.9511884,.85,39500,345.603,831.1996,83.48903,132.6223,45197.28,41575.52,22751.9,7.335991,12171.37,162159.9,8.475527,.01
.7509285,1.764059,11.1061,2.562719E-03,.051086,2.334449,.384882,.04811,.1836402,1.64105,1.715752,.2828771,.1701767,.1763552,1.879469,.2384191,1.715752,.1971036,.1322664,5.102864,4.164349,.6360178,.3024969,2.973873
"50W470","50W470","50W470","扁线","","1.01-0.98/1.1-1.02,1.5","True","False","False","槽形4","转子槽形1","圆线","1.4-1.51,1.539","0.83-2.10/0.86-2.13,1.60","True","False","False","True","False"
1.25,"0.02096","0.02096","0.618671","0.573373","0.062527","86.859493","2127.138439","0.750929","1.796688","147","","0.038707","0.051086","0.011442","2.334449","0.020459","7.52374749017323","0.00502","0.00502","0.0437","0.0437","0.0437","133.250015","1.146849","0.050145","0.060652",#TRUE#,#FALSE#
