3500,6300,600,.6,50,.8,3,400.9377,10,137,113,35.5,35.5,100,80.64,16,1,100,80.64,93.6,.4,.96,.96,.05
5,150,13,.9781476,.9566772,.9357715,5,18,180,14.04,5.711363,609.8771,348.3229,"1.7-8","","","2.1-8.4","","",1,0,0,14.04,0,0
12,8,4,32,48,.6666667,1.047198,1.05296,-2.050651E-07,-4.211834E-02,.7451506,.6666667,1.117726,2.366666,2.38761,2.587835,2.440389,0,0,0,1.19,1.19,.1,.4,4.78,120,80,0,1.59
0,0,0,0,0,0,0,0,568.8201,4.179,0,1.19761,1.397835,1.250389,5.28,5.28,6.72,6.72,20.46433,.1931978,.8721461,1.916048,1.033025,1.782594,1.033025,1.782594,1.166595,1.055405,1,1.23123,1.897988,5583.825,734.3654,477.4166,6795.607,.5,.03,.7,0,.2717406,139.0844,85.85101,0,0,0,0
3,2,0,.7,0,1.4,0,35,10,2.894454,0,.88,.85,.18,0,0,.5,.5,12.64,12,56.58235,.75,1.14,2.926917,6.037431E-02,.85,.88,.2
1.049871,1.613069,1.959143,1.706407,1.149111,1.453671,2.302518,1.565699,3.151366,6934.544,24.1034,114.8339,24.01,11.41,12.8273,.44,12.58,4.641397,1.146454,6.515381,1.5451,4.781821,.7127284,1.811229E-02,12.6,24.78949,2.197782,15.85485,1.879071,2.630296,6.037168,1.240133,1.08,11.5
.605038,109,148.3206,4.5,11.18264,19.66028,.0245,.1052886,7.677682E-02,9.317576E-02,.0102707,32.34039,.6515762,7.182278E-02,.1738462,4.675575E-02,1.616667,1.160589E-02,.45,0,0
1.105053,1.876289,1.697854,1.209509,1.647994,2.016757,.9179868,1.052561,9117.021,7842.125,16126.58,26.23309,693.821,225.3466,1019.41,5877.315,.0487536,193.0701,129.2213,49.57864,2.454862,33.54327,2.045099,.2623711,0,1.305316
2294.657,9.790858,"1.479","","","1.4","","",.7180204,.5,69.34544,161.2658,3.49287,27561.91,25,30,0,0,46.17,1.678122,1.223693,1.485064,84.85754,270.6237,100,1.539,0,0,1.485064
525.4261,1189.182,3396.313,1707.804,614.91,1.7,1.7,.9528211,.85,43750,345.1173,922.2572,83.37168,147.151,44934.3,45437.12,25281.79,7.375365,12829.75,173302.4,8.521012,.01
.7606151,1.768843,11.21374,2.479037E-03,.056862,2.397828,.389695,.048712,.1834715,1.632756,1.704579,.2770278,.1685432,.1829525,1.867458,.2347024,1.704579,.1983998,.1372144,5.039262,4.164349,.572416,.3024969,2.973873
"50W470","50W470","50W470","扁线","","1.01-0.98/1.1-1.02,1.5","True","False","False","槽形4","转子槽形1","圆线","1.4-1.51,1.539","0.83-2.10/0.86-2.13,1.60","True","False","False","True","False"
1.25,"0.02096","0.02096","0.629226","0.584835","0.062964","86.584636","2378.842338","0.760615","1.799536","147","","0.042803","0.056862","0.010271","2.397828","0.022839","7.60624207392529","0.005659","0.005659","0.048618","0.048618","0.048618","145.299586","1.152082","0.047389","0.061204",#TRUE#,#FALSE#
