3900,6300,600,.6,50,.8,3,446.7591,10,137,113,35.5,35.5,114,92.16,18,1,114,92.16,106.8,.4,.96,.96,.05
5,150,13,.9781476,.9566772,.9357715,5,16,160,15.397,5.803196,604.0687,350.5529,"1.97-8","","","2.37-8.4","","",1,0,0,15.397,0,0
12,8,4,32,48,.6666667,1.047198,1.05296,-2.050651E-07,-4.211834E-02,.7451506,.6666667,1.117726,2.366666,2.38761,2.587835,2.440389,0,0,0,1.19,1.19,.1,.4,4.78,120,80,0,1.59
0,0,0,0,0,0,0,0,568.8201,4.179,0,1.19761,1.397835,1.250389,5.28,5.28,6.72,6.72,20.46433,.2173476,.8598971,1.88611,1.033025,1.754741,1.033025,1.754741,1.166595,1.055405,1,1.23123,1.869719,5505.402,666.5201,407.6403,6579.562,.5,.03,.7,0,.2745259,126.2349,72.55981,0,0,0,0
3,2,0,.7,0,1.4,0,35,10,2.894454,0,.88,.85,.18,0,0,.5,.5,12.64,12,56.58235,.75,1.14,2.926917,6.792112E-02,.85,.88,.2
1.033467,1.587865,1.928533,1.679746,1.131156,1.430959,2.266543,1.541236,3.102128,6695.789,23.57816,92.64838,24.01,11.41,12.8273,.44,12.58,4.641397,1.146454,6.515381,1.5451,4.781821,.7127284,2.037634E-02,12.6,19.60336,2.134718,12.32896,1.838123,2.515377,6.037168,1.220757,1.08,11.5
.605038,123,162.3206,4.5,11.18264,19.66028,.0245,9.339681E-02,6.810528E-02,8.265204E-02,1.015189E-02,32.34039,.5642246,6.930196E-02,.1523596,4.675575E-02,1.616667,1.147164E-02,.45,0,0
1.086031,1.843991,1.668627,1.188689,1.619626,1.982041,.9036332,1.050862,9030.192,7549.668,15763.44,25.44169,622.5665,180.1512,936.0921,5785.417,4.697914E-02,177.2902,114.5404,39.58618,2.352404,26.28234,1.983402,.2656009,0,1.282847
2294.657,9.790858,"1.479","","","1.4","","",.7180204,.5,66.95789,157.6344,3.414217,30361.91,25,30,0,0,46.17,1.822157,1.328723,1.612528,88.96849,287.2346,100,1.539,0,0,1.612528
560.5319,1309.991,3875.28,1951.776,702.7543,1.7,1.7,.9538432,.85,50000,335.2583,1021.339,80.98998,162.9599,52061,48639.39,27978.16,7.141718,13698.43,193561.3,8.251079,.01
.7229518,1.728851,11.22005,2.465979E-03,.055965,2.479038,.395547,.049443,.1830652,1.6823,1.753379,.2797629,.1684485,.1825414,1.920536,.2382364,1.753379,.197682,.1369061,4.968966,4.164349,.5021193,.3024969,2.973873
"50W470","50W470","50W470","扁线","","1.01-0.98/1.1-1.02,1.5","True","False","False","槽形4","转子槽形1","圆线","1.4-1.51,1.539","0.83-2.10/0.86-2.13,1.60","True","False","False","True","False"
1.25,"0.02096","0.02096","0.636198","0.592513","0.064148","87.958997","2720.205285","0.722952","1.782375","147","","0.041987","0.055965","0.010412","2.479038","0.025898","7.60836590097275","0.006239","0.006239","0.055339","0.055339","0.055339","160.275105","1.137895","0.045904","0.062366",#TRUE#,#FALSE#
